Sch-1 class [1, 58, 139, 178, 223, 244, 256, 258, 328, 348, 384, 400, 430, 502, 522, 558, 574, 586, 588, 658, 678, 714, 730, 740, 792, 838, 895, 929, 957]
Sch-2 class [2, 240, 373, 457, 533, 653, 877, 987]
Sch-3 class [3, 61, 66, 91, 107, 136, 164, 169, 171, 180, 187, 207, 208, 246, 254, 255, 257, 320, 323, 327, 331, 343, 351, 375, 386, 398, 434, 441, 453, 455, 458, 477, 500, 521, 530, 573, 609, 626, 645, 656, 668, 698, 705, 709, 721, 729, 741, 814, 816, 835, 845, 848, 850, 862, 869, 885, 897, 930, 958, 968]
Sch-4 class [4, 98, 166, 204, 836, 846, 914, 964]
Sch-5 class [5, 11, 17, 35, 41, 57, 63, 69, 87, 109, 115, 121, 133, 143, 149, 155, 167, 177, 189, 211, 217, 227, 233, 243, 743, 749, 755, 773, 779, 795, 801, 807, 825, 847, 853, 859, 871, 881, 887, 893, 905, 915, 927, 949, 955, 965, 971, 981]
Sch-6 class [6, 99, 144, 201, 228, 249, 262, 282, 318, 334, 406, 418, 438, 474, 490, 562, 564, 592, 612, 648, 664, 736, 738, 757, 809, 855, 962, 978, 988]
Sch-7 class [7, 13, 19, 26, 37, 39, 45, 51, 59, 67, 71, 72, 89, 112, 117, 124, 135, 145, 151, 157, 170, 179, 191, 198, 215, 219, 220, 229, 235, 245, 265, 269, 271, 273, 287, 290, 293, 295, 299, 309, 311, 314, 315, 319, 321, 325, 329, 349, 353, 359, 361, 362, 367, 371, 385, 389, 391, 392, 397, 401, 409, 413, 415, 419, 421, 425, 439, 440, 445, 449, 451, 452, 463, 467, 476, 479, 481, 485, 487, 491, 509, 511, 513, 527, 535, 539, 541, 543, 549, 551, 554, 555, 565, 569, 589, 593, 595, 599, 605, 614, 615, 619, 621, 627, 629, 631, 635, 637, 638, 655, 659, 661, 665, 667, 671, 679, 680, 695, 697, 699, 703, 707, 716, 719, 727, 731, 744, 746, 750, 756, 764, 774, 782, 789, 796, 804, 808, 826, 851, 854, 863, 872, 882, 888, 894, 909, 916, 918, 928, 936, 952, 956, 966, 972, 975, 982]
Sch-8 class [8, 33, 77, 78, 106, 111, 113, 125, 130, 146, 158, 193, 231, 251, 260, 281, 291, 333, 344, 363, 374, 380, 393, 395, 416, 446, 459, 469, 483, 489, 499, 512, 531, 548, 577, 591, 597, 607, 620, 623, 632, 662, 675, 734, 735, 737, 752, 758, 780, 783, 810, 820, 823, 857, 868, 891, 902, 924, 953, 989]
Sch-9 class [9, 49, 50, 97, 159, 185, 192, 203, 261, 277, 302, 317, 332, 355, 357, 447, 482, 503, 559, 560, 561, 563, 581, 596, 633, 691, 692, 711, 753, 768, 811, 834, 890, 934, 937, 963]
Sch-10 class [10, 16, 22, 28, 40, 46, 52, 62, 68, 74, 80, 86, 92, 114, 120, 126, 138, 148, 154, 160, 172, 182, 194, 200, 210, 216, 222, 232, 238, 248, 748, 754, 760, 766, 778, 784, 790, 800, 806, 812, 818, 824, 830, 852, 858, 864, 876, 886, 892, 898, 910, 920, 932, 938, 948, 954, 960, 970, 976, 986]
Sch-12 class [12, 53, 150, 173, 234, 239, 268, 306, 340, 342, 378, 412, 424, 462, 496, 498, 534, 568, 580, 618, 652, 690, 724, 775, 827, 873, 878, 912, 940]
Sch-14 class [14, 153, 241, 266, 411, 423, 566, 650, 651, 829, 874, 879]
Sch-15 class [15, 21, 43, 44, 83, 85, 96, 118, 131, 152, 165, 175, 214, 237, 259, 267, 272, 297, 301, 308, 345, 368, 381, 410, 422, 435, 464, 494, 495, 497, 529, 537, 542, 545, 567, 571, 579, 608, 639, 641, 644, 674, 681, 689, 717, 722, 770, 777, 798, 805, 828, 844, 875, 903, 906, 908, 913, 944, 946, 985]
Sch-18 class [18, 116, 298, 370, 466, 538, 797, 983]
Sch-20 class [20, 31, 55, 119, 186, 197, 199, 236, 263, 296, 337, 338, 339, 341, 369, 465, 471, 505, 506, 536, 575, 578, 601, 603, 617, 685, 710, 723, 762, 765, 776, 799, 832, 925, 941, 984]
Sch-23 class [23, 47, 75, 81, 195, 205, 761, 785, 813, 819, 933, 943]
Sch-24 class [24, 30, 36, 42, 48, 64, 70, 76, 82, 94, 104, 110, 122, 128, 162, 168, 184, 196, 206, 212, 218, 270, 274, 276, 280, 286, 288, 292, 294, 300, 304, 310, 312, 316, 322, 324, 330, 346, 354, 358, 360, 364, 366, 372, 376, 382, 390, 394, 396, 402, 414, 420, 426, 436, 442, 444, 450, 454, 456, 460, 468, 472, 478, 480, 486, 492, 508, 510, 514, 516, 520, 526, 528, 532, 540, 544, 546, 550, 552, 556, 570, 594, 600, 604, 606, 610, 616, 622, 624, 628, 630, 636, 640, 642, 646, 660, 666, 672, 676, 682, 684, 688, 694, 696, 700, 702, 708, 712, 718, 720, 732, 745, 763, 769, 781, 787, 803, 815, 821, 833, 843, 849, 861, 867, 901, 907, 917, 923, 935, 945, 951, 973]
Sch-25 class [25, 27, 32, 90, 95, 137, 181, 225, 283, 284, 303, 335, 350, 387, 470, 501, 517, 523, 525, 557, 572, 583, 584, 585, 587, 669, 704, 725, 771, 786, 788, 793, 884, 922, 959, 969]
Sch-29 class [29, 831]
Sch-34 class [34, 132, 176, 226, 772, 794, 904, 990]
Sch-38 class [38, 73, 221, 279, 356, 519, 524, 602, 687, 817, 822, 947]
Sch-54 class [54, 427, 713, 961]
Sch-56 class [56, 108, 188, 252, 742, 870, 926, 942]
Sch-60 class [60, 141, 247, 326, 399, 428, 429, 657, 728, 839, 896, 931]
Sch-65 class [65, 129, 253, 383, 443, 475, 553, 625, 677, 701, 860, 900]
Sch-79 class [79, 84, 209, 278, 285, 507, 518, 686, 693, 747, 919, 974]
Sch-88 class [88, 134, 352, 388, 670, 706, 883, 967]
Sch-93 class [93, 921]
Sch-100 class [100, 174, 407, 433, 611, 643, 739, 977]
Sch-101 class [101, 147, 230, 404, 405, 417, 488, 590, 663, 759, 856, 979]
Sch-102 class [102, 142, 242, 840, 880, 980]
Sch-103 class [103, 865]
Sch-105 class [105, 213, 275, 307, 377, 461, 493, 613, 683, 715, 802, 866]
Sch-123 class [123, 163, 289, 313, 365, 437, 515, 547, 647, 733, 842, 950]
Sch-127 class [127, 899]
Sch-140 class [140, 250, 347, 379, 431, 673, 837, 911]
Sch-156 class [156, 190, 448, 484, 598, 634, 751, 889]
Sch-161 class [161, 841]
Sch-183 class [183, 767]
Sch-202 class [202, 305, 649, 791]
Sch-224 class [224, 403, 473, 939]
Sch-264 class [264, 576]
Sch-336 class [336, 726]
Sch-408 class [408]
Sch-432 class [432]
Sch-504 class [504, 582]
Sch-654 class [654]
